&pcshf,
 nprot=24,
 nfe=1,
 nmpmc='CO',
 optphi(1)=0.7201403026653803,
 opttet(1)=1.6653757189604692,
 optomg(1)=1.4918725380197129,
 opta1(1)=-4.462,
 opta2(1)=-0.908,
 optkon=30,
